%TITLE%
 MAF   241116/0000 

   LEVEL       HGHT       TEMP       DWPT       WDIR       WSPD
-------------------------------------------------------------------
%RAW%
 1000.00,     36.00,  -9999.00,  -9999.00,  -9999.00,  -9999.00
  925.00,    727.00,  -9999.00,  -9999.00,  -9999.00,  -9999.00
  910.00,    872.00,     24.60,      6.60,    180.00,     13.00
  907.00,    900.77,     24.12,      5.52,    145.00,     19.00
  905.00,    920.01,     23.80,      4.80,  -9999.00,  -9999.00
  884.00,   1122.59,     22.00,      4.13,    160.00,     22.01
  876.00,   1201.03,     21.31,      3.86,    160.00,     22.01
  860.00,   1360.08,     19.90,      3.34,    160.00,     21.00
  850.00,   1461.00,     19.00,      3.00,    165.00,     22.01
  846.00,   1501.42,     18.89,      2.89,    165.00,     22.01
  836.00,   1603.31,     18.60,      2.60,  -9999.00,  -9999.00
  828.00,   1685.68,     18.80,      2.80,  -9999.00,  -9999.00
  826.00,   1706.41,     18.86,      2.86,    185.00,     25.99
  821.00,   1758.46,     19.00,      3.00,  -9999.00,  -9999.00
  817.00,   1800.34,     18.91,      2.91,    190.00,     24.01
  812.00,   1852.96,     18.80,      2.80,  -9999.00,  -9999.00
  789.00,   2097.84,     17.39,      0.44,    205.00,     20.01
  782.00,   2173.79,     16.95,     -0.29,    210.00,     19.00
  764.00,   2372.24,     15.80,     -2.20,  -9999.00,  -9999.00
  763.00,   2383.31,     15.70,     -2.24,    195.00,     19.00
  746.00,   2573.65,     14.00,     -3.00,  -9999.00,  -9999.00
  745.00,   2584.93,     13.94,     -3.17,    205.00,     18.01
  729.00,   2767.39,     13.00,     -6.00,  -9999.00,  -9999.00
  720.00,   2871.01,     12.02,     -5.76,    215.00,     20.01
  700.00,   3106.00,      9.80,     -5.20,    230.00,     21.00
  695.00,   3164.53,      9.27,     -5.33,    235.00,     20.01
  686.00,   3270.97,      8.31,     -5.56,    230.00,     21.00
  670.00,   3463.67,      6.57,     -5.97,    240.00,     24.01
  662.00,   3561.76,      5.68,     -6.19,    235.00,     24.01
  640.00,   3837.74,      3.18,     -6.78,    235.00,     29.99
  624.00,   4044.47,      1.31,     -7.23,    245.00,     31.00
  618.00,   4123.37,      0.60,     -7.40,  -9999.00,  -9999.00
  612.00,   4201.57,      0.00,     -8.66,    245.00,     31.99
  609.00,   4240.96,     -0.30,     -9.30,  -9999.00,  -9999.00
  603.00,   4320.17,     -0.30,    -13.30,    245.00,     29.99
  589.00,   4508.50,      1.40,    -44.60,  -9999.00,  -9999.00
  586.00,   4549.54,      1.40,    -47.60,  -9999.00,  -9999.00
  583.00,   4590.60,      1.05,    -47.95,    230.00,     24.01
  577.00,   4673.36,      0.34,    -48.66,    230.00,     25.99
  571.00,   4756.99,     -0.38,    -49.38,    230.00,     27.99
  565.00,   4841.50,     -1.10,    -50.10,  -9999.00,  -9999.00
  551.00,   5040.29,     -2.87,    -48.08,    240.00,     24.01
  543.00,   5156.16,     -3.90,    -46.90,  -9999.00,  -9999.00
  539.00,   5214.02,     -4.38,    -47.76,    245.00,     25.00
  533.00,   5301.63,     -5.10,    -49.05,    245.00,     24.01
  527.00,   5390.22,     -5.83,    -50.36,    245.00,     23.00
  522.00,   5464.83,     -6.45,    -51.46,    245.00,     23.00
  512.00,   5616.20,     -7.70,    -53.70,  -9999.00,  -9999.00
  511.00,   5631.35,     -7.82,    -53.82,    240.00,     25.00
  504.00,   5738.25,     -8.63,    -54.63,    235.00,     24.01
  500.00,   5800.00,     -9.10,    -55.10,    235.00,     24.01
  497.00,   5846.63,     -9.50,    -55.50,  -9999.00,  -9999.00
  483.00,   6066.81,    -11.14,    -40.73,    240.00,     27.00
  475.00,   6195.51,    -12.10,    -32.10,  -9999.00,  -9999.00
  448.00,   6638.28,    -16.03,    -33.22,    220.00,     38.00
  431.00,   6930.96,    -18.63,    -33.97,    225.00,     37.01
  428.00,   6983.81,    -19.10,    -34.10,  -9999.00,  -9999.00
  425.00,   7036.30,    -19.10,    -35.10,  -9999.00,  -9999.00
  417.00,   7178.49,    -17.70,    -48.70,  -9999.00,  -9999.00
  415.00,   7214.52,    -17.87,    -51.43,    245.00,     39.01
  410.00,   7305.35,    -18.30,    -58.30,  -9999.00,  -9999.00
  407.00,   7360.31,    -18.30,    -58.30,  -9999.00,  -9999.00
  404.00,   7415.62,    -18.56,    -58.56,    255.00,     33.00
  400.00,   7490.00,    -18.90,    -58.90,    260.00,     33.99
  396.00,   7563.26,    -19.56,    -57.94,    260.00,     35.00
  382.00,   7825.62,    -21.94,    -54.49,    255.00,     31.00
  377.00,   7921.66,    -22.82,    -53.23,    260.00,     33.00
  355.00,   8359.94,    -26.79,    -47.48,    255.00,     40.00
  347.00,   8526.08,    -28.30,    -45.30,  -9999.00,  -9999.00
  342.00,   8629.68,    -28.65,    -47.06,    260.00,     44.00
  333.00,   8820.02,    -29.30,    -50.30,  -9999.00,  -9999.00
  327.00,   8949.37,    -29.90,    -53.90,  -9999.00,  -9999.00
  326.00,   8971.14,    -29.85,    -55.46,    250.00,     52.00
  319.00,   9125.49,    -29.50,    -66.50,  -9999.00,  -9999.00
  318.00,   9147.71,    -29.64,    -65.88,    250.00,     65.00
  300.00,   9560.00,    -32.30,    -54.30,    255.00,     69.00
  299.00,   9583.43,    -32.48,    -54.59,    255.00,     69.00
  291.00,   9773.71,    -33.90,    -56.90,  -9999.00,  -9999.00
  286.00,   9894.76,    -34.50,    -55.50,  -9999.00,  -9999.00
  282.00,   9992.97,    -34.70,    -59.70,  -9999.00,  -9999.00
  280.00,  10041.89,    -35.12,    -59.55,    265.00,     75.99
  258.00,  10604.32,    -39.92,    -57.80,    265.00,     84.00
  252.00,  10766.05,    -41.30,    -57.30,  -9999.00,  -9999.00
  250.00,  10820.00,    -41.70,    -57.70,    265.00,     87.01
  248.00,  10873.85,    -42.18,    -57.90,    265.00,     88.00
  239.00,  11121.67,    -44.37,    -58.83,    265.00,     87.01
  229.00,  11408.21,    -46.90,    -59.90,  -9999.00,  -9999.00
  226.00,  11495.00,    -47.68,    -60.19,    265.00,     92.00
  217.00,  11762.44,    -50.10,    -61.10,  -9999.00,  -9999.00
  215.00,  11822.32,    -50.62,    -61.28,    265.00,     90.00
  200.00,  12290.00,    -54.70,    -62.70,    265.00,     93.01
  198.00,  12354.18,    -55.26,    -62.86,    265.00,     93.01
  195.00,  12451.67,    -56.10,    -63.10,  -9999.00,  -9999.00
  185.00,  12783.65,    -58.15,    -67.72,    265.00,     93.01
  178.00,  13026.90,    -59.66,    -71.11,    265.00,     92.00
  176.00,  13098.16,    -60.10,    -72.10,  -9999.00,  -9999.00
  175.00,  13133.67,    -60.43,    -72.43,    260.00,     94.00
  173.00,  13205.32,    -61.10,    -73.10,  -9999.00,  -9999.00
  166.00,  13461.19,    -62.70,    -74.70,  -9999.00,  -9999.00
  161.00,  13648.67,    -64.24,    -75.14,    260.00,     90.00
  157.00,  13802.90,    -65.50,    -75.50,  -9999.00,  -9999.00
  156.00,  13841.73,    -65.63,    -75.63,    260.00,     92.00
  153.00,  13959.75,    -66.03,    -76.03,    260.00,     88.00
  151.00,  14039.71,    -66.30,    -76.30,  -9999.00,  -9999.00
  150.00,  14080.00,    -66.50,    -76.50,    260.00,     77.99
  146.00,  14241.92,    -67.55,    -77.27,    265.00,     72.01
  137.00,  14623.08,    -70.02,    -79.09,    255.00,     58.00
  136.00,  14666.97,    -70.30,    -79.30,    255.00,     60.01
  134.00,  14754.90,    -70.30,    -79.30,  -9999.00,  -9999.00
  131.00,  14889.42,    -70.10,    -79.60,    250.00,     69.00
  129.00,  14980.82,    -69.97,    -79.80,    250.00,     70.01
  128.00,  15027.05,    -69.90,    -79.90,  -9999.00,  -9999.00
  124.00,  15215.39,    -70.39,    -80.88,    245.00,     58.99
  120.00,  15409.90,    -70.90,    -81.90,  -9999.00,  -9999.00
  119.00,  15459.62,    -70.59,    -81.98,    255.00,     66.01
  115.00,  15662.75,    -69.30,    -82.30,    260.00,     56.99
  110.00,  15926.31,    -70.47,    -83.96,    245.00,     43.01
  105.00,  16202.14,    -71.70,    -85.70,  -9999.00,  -9999.00
  104.00,  16258.60,    -71.57,    -85.90,    235.00,     48.00
  102.00,  16373.16,    -71.30,    -86.30,    240.00,     48.00
  100.00,  16490.00,    -71.70,    -86.70,    240.00,     43.01
   97.00,  16668.21,    -72.51,    -87.74,    245.00,     41.01
   93.00,  16914.58,    -73.64,    -89.18,    255.00,     40.00
   88.00,  17237.90,    -75.12,    -91.07,    245.00,     42.00
   87.40,  17277.93,    -75.30,    -91.30,  -9999.00,  -9999.00
   85.40,  17412.21,    -75.10,    -92.10,    245.00,     46.00
   85.00,  17439.82,    -74.88,    -92.01,    245.00,     46.00
   82.00,  17651.09,    -73.16,    -91.28,    235.00,     37.01
   80.00,  17796.28,    -71.98,    -90.78,    240.00,     42.00
   76.60,  18051.64,    -69.90,    -89.90,  -9999.00,  -9999.00
   76.00,  18098.57,    -69.67,    -89.96,    245.00,     29.99
   74.50,  18217.54,    -69.10,    -90.10,  -9999.00,  -9999.00
   73.00,  18339.16,    -69.10,    -90.10,    230.00,     24.01
   72.10,  18413.34,    -69.10,    -90.10,  -9999.00,  -9999.00
   72.00,  18421.63,    -69.11,    -90.11,    230.00,     27.00
   70.00,  18590.00,    -69.30,    -90.30,    250.00,     27.00
   68.90,  18684.06,    -69.70,    -90.70,  -9999.00,  -9999.00
   67.00,  18850.22,    -69.10,    -91.10,  -9999.00,  -9999.00
   66.00,  18939.79,    -68.90,    -91.40,    275.00,     23.00
   65.00,  19030.72,    -68.70,    -91.70,  -9999.00,  -9999.00
   64.20,  19104.56,    -68.70,    -91.70,  -9999.00,  -9999.00
   64.00,  19123.20,    -68.66,    -91.71,    250.00,     16.01
   63.00,  19217.28,    -68.44,    -91.77,    240.00,     20.01
   62.00,  19312.86,    -68.22,    -91.82,    250.00,     23.00
   60.60,  19449.30,    -67.90,    -91.90,  -9999.00,  -9999.00
   59.00,  19609.30,    -68.09,    -92.55,    220.00,      6.00
   58.00,  19711.52,    -68.20,    -92.96,    195.00,      8.99
   57.20,  19794.57,    -68.30,    -93.30,  -9999.00,  -9999.00
   57.00,  19815.80,    -68.14,    -93.25,    200.00,     13.00
   55.00,  20032.30,    -66.55,    -92.72,    240.00,     14.01
   54.00,  20143.52,    -65.73,    -92.44,    245.00,     12.00
   52.00,  20372.27,    -64.05,    -91.88,    185.00,      6.00
   51.00,  20489.97,    -63.18,    -91.59,    170.00,      8.00
   50.00,  20610.00,    -62.30,    -91.30,    170.00,     13.00
   49.60,  20659.68,    -61.90,    -90.90,  -9999.00,  -9999.00
   49.00,  20735.56,    -61.64,    -90.64,    130.00,      8.00
   47.00,  20995.37,    -60.73,    -89.73,    160.00,     13.00
   46.00,  21129.45,    -60.26,    -89.26,    330.00,      2.00
   45.00,  21266.48,    -59.79,    -88.79,     25.00,      4.99
   44.00,  21406.59,    -59.30,    -88.30,     25.00,      0.99
   43.20,  21520.99,    -58.90,    -87.90,  -9999.00,  -9999.00
   40.30,  21956.06,    -60.10,    -88.10,  -9999.00,  -9999.00
   40.00,  22002.67,    -60.21,    -88.48,    350.00,     14.01
   39.20,  22128.68,    -60.50,    -89.50,  -9999.00,  -9999.00
   38.10,  22306.13,    -60.30,    -89.30,  -9999.00,  -9999.00
   38.00,  22322.53,    -60.30,    -89.30,    120.00,      2.00
   37.20,  22455.18,    -60.50,    -88.50,  -9999.00,  -9999.00
   36.00,  22659.23,    -60.88,    -88.88,    205.00,     10.00
   35.30,  22781.42,    -61.10,    -89.10,  -9999.00,  -9999.00
   35.00,  22834.86,    -60.93,    -89.04,    215.00,      4.99
   34.00,  23016.35,    -60.36,    -88.82,    235.00,      4.00
   33.00,  23203.26,    -59.77,    -88.60,    220.00,     10.99
   32.00,  23395.92,    -59.17,    -88.38,    265.00,      6.99
   30.00,  23800.00,    -57.90,    -87.90,    225.00,     12.00
   28.30,  24168.20,    -57.10,    -87.10,  -9999.00,  -9999.00
   28.00,  24235.72,    -56.88,    -86.88,    255.00,      8.00
   27.20,  24419.36,    -56.30,    -86.30,  -9999.00,  -9999.00
   27.00,  24466.11,    -56.41,    -86.27,    290.00,     19.00
   26.00,  24705.21,    -56.98,    -86.13,    305.00,     15.00
   25.80,  24754.13,    -57.10,    -86.10,  -9999.00,  -9999.00
   25.00,  24953.04,    -57.42,    -86.42,    305.00,      6.99
   24.30,  25132.37,    -57.70,    -86.70,  -9999.00,  -9999.00
   24.00,  25210.67,    -57.75,    -86.75,    280.00,     20.01
   23.10,  25451.58,    -57.90,    -86.90,  -9999.00,  -9999.00
   23.00,  25478.90,    -57.93,    -86.93,    290.00,     15.00
   22.40,  25645.35,    -58.10,    -87.10,  -9999.00,  -9999.00
   22.00,  25758.98,    -57.97,    -87.13,    285.00,     14.01
   21.00,  26052.33,    -57.64,    -87.21,    270.00,     15.00
   20.00,  26360.00,    -57.30,    -87.30,    275.00,     13.00
   19.00,  26685.50,    -55.31,    -86.14,    250.00,     25.00
   18.80,  26752.66,    -54.90,    -85.90,  -9999.00,  -9999.00
   18.00,  27031.15,    -54.17,    -85.17,    255.00,     27.00
   17.10,  27359.66,    -53.30,    -84.30,  -9999.00,  -9999.00
   17.00,  27397.48,    -53.22,    -84.22,    255.00,     37.01
   15.50,  27993.13,    -51.90,    -82.90,  -9999.00,  -9999.00
   15.00,  28205.43,    -51.57,    -82.57,    280.00,     54.00
   14.90,  28248.74,    -51.50,    -82.50,  -9999.00,  -9999.00
   14.00,  28651.59,    -51.93,    -82.50,    285.00,     47.01
   13.00,  29130.76,    -52.45,    -82.50,    290.00,     52.00
   12.90,  29180.69,    -52.50,    -82.50,  -9999.00,  -9999.00
   12.00,  29646.40,    -52.88,    -82.88,    285.00,     52.00
   11.10,  30148.44,    -53.30,    -83.30,  -9999.00,  -9999.00
   11.00,  30206.67,    -53.17,    -83.50,    295.00,     50.99
   10.80,  30324.72,    -52.90,    -83.90,  -9999.00,  -9999.00
   10.50,  30506.13,    -52.90,    -83.90,  -9999.00,  -9999.00
   10.30,  30629.91,    -53.10,    -83.10,  -9999.00,  -9999.00
   10.00,  30820.00,    -53.30,    -83.30,    285.00,     48.00
    9.00,  31511.18,    -49.60,    -81.10,    280.00,     40.00
    8.10,  32202.36,    -45.90,    -78.90,  -9999.00,  -9999.00
    8.00,  32285.57,    -45.73,    -78.81,    275.00,     56.00
    7.40,  32807.78,    -44.66,    -78.28,    285.00,     58.99
    7.00,  33180.00,    -43.90,    -77.90,    280.00,     50.99
    6.70,  33474.48,    -43.10,    -77.10,  -9999.00,  -9999.00
    6.40,  33784.06,    -41.50,    -76.50,  -9999.00,  -9999.00
    6.00,  34223.05,    -40.58,    -75.58,    290.00,     40.00
    5.80,  34453.66,    -40.10,    -75.10,  -9999.00,  -9999.00
    5.60,  34693.18,    -39.90,    -74.90,  -9999.00,  -9999.00
    5.40,  34941.42,    -40.10,    -74.10,  -9999.00,  -9999.00
